0 30.8013	6.13249	-1e-008
1 22.3604	-11.1809	-1e-008
2 10	20	-1e-008
3 22.3604	-11.1809	-1e-008
4 0	0	-1e-008
5 10	20	-1e-008
6 41.4373	17.1376	-1e-008
7 30.8013	6.13249	-1e-008
8 20	30	-1e-008
9 30.8013	6.13249	-1e-008
10 10	20	-1e-008
11 20	30	-1e-008
12 57.6777	52.3223	-1e-008
13 41.4373	17.1376	-1e-008
14 40	70	-1e-008
15 41.4373	17.1376	-1e-008
16 20	30	-1e-008
17 40	70	-1e-008
18 97.6777	72.3223	-1e-008
19 57.6777	52.3223	-1e-008
20 80	90	-1e-008
21 57.6777	52.3223	-1e-008
22 40	70	-1e-008
23 80	90	-1e-008
24 114.254	113.937	-1e-008
25 97.6777	72.3223	-1e-008
26 90	120	-1e-008
27 97.6777	72.3223	-1e-008
28 80	90	-1e-008
29 90	120	-1e-008
30 123.717	162.094	-1e-008
31 114.254	113.937	-1e-008
32 100	170	-1e-008
33 114.254	113.937	-1e-008
34 90	120	-1e-008
35 100	170	-1e-008
36 117.906	156.283	-1e-008
37 123.717	162.094	-1e-008
38 110	180	-1e-008
39 123.717	162.094	-1e-008
40 100	170	-1e-008
41 110	180	-1e-008
42 165.423	165.596	-1e-008
43 117.906	156.283	-1e-008
44 160	190	-1e-008
45 117.906	156.283	-1e-008
46 110	180	-1e-008
47 160	190	-1e-008
48 212.862	178.563	-1e-008
49 165.423	165.596	-1e-008
50 200	200	-1e-008
51 165.423	165.596	-1e-008
52 160	190	-1e-008
53 200	200	-1e-008
54 230.801	206.132	-1e-008
55 212.862	178.563	-1e-008
56 210	220	-1e-008
57 212.862	178.563	-1e-008
58 200	200	-1e-008
59 210	220	-1e-008
60 241.437	217.138	-1e-008
61 230.801	206.132	-1e-008
62 220	230	-1e-008
63 230.801	206.132	-1e-008
64 210	220	-1e-008
65 220	230	-1e-008
66 257.678	252.322	-1e-008
67 241.437	217.138	-1e-008
68 240	270	-1e-008
69 241.437	217.138	-1e-008
70 220	230	-1e-008
71 240	270	-1e-008
72 297.678	272.322	-1e-008
73 257.678	252.322	-1e-008
74 280	290	-1e-008
75 257.678	252.322	-1e-008
76 240	270	-1e-008
77 280	290	-1e-008
78 314.254	313.937	-1e-008
79 297.678	272.322	-1e-008
80 290	320	-1e-008
81 297.678	272.322	-1e-008
82 280	290	-1e-008
83 290	320	-1e-008
84 323.717	362.094	-1e-008
85 314.254	313.937	-1e-008
86 300	370	-1e-008
87 314.254	313.937	-1e-008
88 290	320	-1e-008
89 300	370	-1e-008
90 317.906	356.283	-1e-008
91 323.717	362.094	-1e-008
92 310	380	-1e-008
93 323.717	362.094	-1e-008
94 300	370	-1e-008
95 310	380	-1e-008
96 365.423	365.596	-1e-008
97 317.906	356.283	-1e-008
98 360	390	-1e-008
99 317.906	356.283	-1e-008
100 310	380	-1e-008
101 360	390	-1e-008
102 412.862	378.563	-1e-008
103 365.423	365.596	-1e-008
104 400	400	-1e-008
105 365.423	365.596	-1e-008
106 360	390	-1e-008
107 400	400	-1e-008
108 430.802	406.132	-1e-008
109 412.862	378.563	-1e-008
110 410	420	-1e-008
111 412.862	378.563	-1e-008
112 400	400	-1e-008
113 410	420	-1e-008
114 441.438	417.137	-1e-008
115 430.802	406.132	-1e-008
116 420	430	-1e-008
117 430.802	406.132	-1e-008
118 410	420	-1e-008
119 420	430	-1e-008
120 457.678	452.322	-1e-008
121 441.438	417.137	-1e-008
122 440	470	-1e-008
123 441.438	417.137	-1e-008
124 420	430	-1e-008
125 440	470	-1e-008
126 497.678	472.322	-1e-008
127 457.678	452.322	-1e-008
128 480	490	-1e-008
129 457.678	452.322	-1e-008
130 440	470	-1e-008
131 480	490	-1e-008
132 514.254	513.937	-1e-008
133 497.678	472.322	-1e-008
134 490	520	-1e-008
135 497.678	472.322	-1e-008
136 480	490	-1e-008
137 490	520	-1e-008
138 523.716	562.095	-1e-008
139 514.254	513.937	-1e-008
140 500	570	-1e-008
141 514.254	513.937	-1e-008
142 490	520	-1e-008
143 500	570	-1e-008
144 517.906	556.283	-1e-008
145 523.716	562.095	-1e-008
146 510	580	-1e-008
147 523.716	562.095	-1e-008
148 500	570	-1e-008
149 510	580	-1e-008
150 565.423	565.596	-1e-008
151 517.906	556.283	-1e-008
152 560	590	-1e-008
153 517.906	556.283	-1e-008
154 510	580	-1e-008
155 560	590	-1e-008
156 612.861	578.565	-1e-008
157 565.423	565.596	-1e-008
158 600	600	-1e-008
159 565.423	565.596	-1e-008
160 560	590	-1e-008
161 600	600	-1e-008
162 630.802	606.132	-1e-008
163 612.861	578.565	-1e-008
164 610	620	-1e-008
165 612.861	578.565	-1e-008
166 600	600	-1e-008
167 610	620	-1e-008
168 641.437	617.138	-1e-008
169 630.802	606.132	-1e-008
170 620	630	-1e-008
171 630.802	606.132	-1e-008
172 610	620	-1e-008
173 620	630	-1e-008
174 657.678	652.322	-1e-008
175 641.437	617.138	-1e-008
176 640	670	-1e-008
177 641.437	617.138	-1e-008
178 620	630	-1e-008
179 640	670	-1e-008
180 697.678	672.322	-1e-008
181 657.678	652.322	-1e-008
182 680	690	-1e-008
183 657.678	652.322	-1e-008
184 640	670	-1e-008
185 680	690	-1e-008
186 714.254	713.937	-1e-008
187 697.678	672.322	-1e-008
188 690	720	-1e-008
189 697.678	672.322	-1e-008
190 680	690	-1e-008
191 690	720	-1e-008
192 723.716	762.095	-1e-008
193 714.254	713.937	-1e-008
194 700	770	-1e-008
195 714.254	713.937	-1e-008
196 690	720	-1e-008
197 700	770	-1e-008
198 717.904	756.287	-1e-008
199 723.716	762.095	-1e-008
200 710	780	-1e-008
201 723.716	762.095	-1e-008
202 700	770	-1e-008
203 710	780	-1e-008
204 765.423	765.596	-1e-008
205 717.904	756.287	-1e-008
206 760	790	-1e-008
207 717.904	756.287	-1e-008
208 710	780	-1e-008
209 760	790	-1e-008
210 812.859	778.568	-1e-008
211 765.423	765.596	-1e-008
212 800	800	-1e-008
213 765.423	765.596	-1e-008
214 760	790	-1e-008
215 800	800	-1e-008
216 830.801	806.133	-1e-008
217 812.859	778.568	-1e-008
218 810	820	-1e-008
219 812.859	778.568	-1e-008
220 800	800	-1e-008
221 810	820	-1e-008
222 841.436	817.139	-1e-008
223 830.801	806.133	-1e-008
224 820	830	-1e-008
225 830.801	806.133	-1e-008
226 810	820	-1e-008
227 820	830	-1e-008
228 857.678	852.322	-1e-008
229 841.436	817.139	-1e-008
230 840	870	-1e-008
231 841.436	817.139	-1e-008
232 820	830	-1e-008
233 840	870	-1e-008
234 897.678	872.322	-1e-008
235 857.678	852.322	-1e-008
236 880	890	-1e-008
237 857.678	852.322	-1e-008
238 840	870	-1e-008
239 880	890	-1e-008
240 914.254	913.937	-1e-008
241 897.678	872.322	-1e-008
242 890	920	-1e-008
243 897.678	872.322	-1e-008
244 880	890	-1e-008
245 890	920	-1e-008
246 923.716	962.095	-1e-008
247 914.254	913.937	-1e-008
248 900	970	-1e-008
249 914.254	913.937	-1e-008
250 890	920	-1e-008
251 900	970	-1e-008
252 917.904	956.287	-1e-008
253 923.716	962.095	-1e-008
254 910	980	-1e-008
255 923.716	962.095	-1e-008
256 900	970	-1e-008
257 910	980	-1e-008
258 965.416	965.626	-1e-008
259 917.904	956.287	-1e-008
260 960	990	-1e-008
261 917.904	956.287	-1e-008
262 910	980	-1e-008
263 960	990	-1e-008
264 1012.86	978.563	-1e-008
265 965.416	965.626	-1e-008
266 1000	1000	-1e-008
267 965.416	965.626	-1e-008
268 960	990	-1e-008
269 1000	1000	-1e-008
270 1030.8	1006.13	-1e-008
271 1012.86	978.563	-1e-008
272 1010	1020	-1e-008
273 1012.86	978.563	-1e-008
274 1000	1000	-1e-008
275 1010	1020	-1e-008
276 1041.44	1017.14	-1e-008
277 1030.8	1006.13	-1e-008
278 1020	1030	-1e-008
279 1030.8	1006.13	-1e-008
280 1010	1020	-1e-008
281 1020	1030	-1e-008
282 1057.68	1052.32	-1e-008
283 1041.44	1017.14	-1e-008
284 1040	1070	-1e-008
285 1041.44	1017.14	-1e-008
286 1020	1030	-1e-008
287 1040	1070	-1e-008
288 1097.68	1072.32	-1e-008
289 1057.68	1052.32	-1e-008
290 1080	1090	-1e-008
291 1057.68	1052.32	-1e-008
292 1040	1070	-1e-008
293 1080	1090	-1e-008
294 1114.25	1113.94	-1e-008
295 1097.68	1072.32	-1e-008
296 1090	1120	-1e-008
297 1097.68	1072.32	-1e-008
298 1080	1090	-1e-008
299 1090	1120	-1e-008
300 1123.72	1162.09	-1e-008
301 1114.25	1113.94	-1e-008
302 1100	1170	-1e-008
303 1114.25	1113.94	-1e-008
304 1090	1120	-1e-008
305 1100	1170	-1e-008
306 1117.9	1156.29	-1e-008
307 1123.72	1162.09	-1e-008
308 1110	1180	-1e-008
309 1123.72	1162.09	-1e-008
310 1100	1170	-1e-008
311 1110	1180	-1e-008
312 1178.21	1172.87	-1e-008
313 1117.9	1156.29	-1e-008
314 1160	1190	-1e-008
315 1117.9	1156.29	-1e-008
316 1110	1180	-1e-008
317 1160	1190	-1e-008
318 17.9006	-17.4519	-1e-008
319 1178.21	1172.87	-1e-008
320 -0.00132704	-0.00132704	-1e-008
321 1178.21	1172.87	-1e-008
322 1160	1190	-1e-008
323 -0.00132704	-0.00132704	-1e-008
324 10	20	-1e-008
325 0	0	-1e-008
326 -10.8013	33.8675	-1e-008
327 0	0	-1e-008
328 -22.3604	11.1809	-1e-008
329 -10.8013	33.8675	-1e-008
330 20	30	-1e-008
331 10	20	-1e-008
332 -1.43732	42.8624	-1e-008
333 10	20	-1e-008
334 -10.8013	33.8675	-1e-008
335 -1.43732	42.8624	-1e-008
336 40	70	-1e-008
337 20	30	-1e-008
338 22.3223	87.6777	-1e-008
339 20	30	-1e-008
340 -1.43732	42.8624	-1e-008
341 22.3223	87.6777	-1e-008
342 80	90	-1e-008
343 40	70	-1e-008
344 62.3223	107.678	-1e-008
345 40	70	-1e-008
346 22.3223	87.6777	-1e-008
347 62.3223	107.678	-1e-008
348 90	120	-1e-008
349 80	90	-1e-008
350 65.7464	126.063	-1e-008
351 80	90	-1e-008
352 62.3223	107.678	-1e-008
353 65.7464	126.063	-1e-008
354 100	170	-1e-008
355 90	120	-1e-008
356 76.2829	177.906	-1e-008
357 90	120	-1e-008
358 65.7464	126.063	-1e-008
359 76.2829	177.906	-1e-008
360 110	180	-1e-008
361 100	170	-1e-008
362 102.094	203.717	-1e-008
363 100	170	-1e-008
364 76.2829	177.906	-1e-008
365 102.094	203.717	-1e-008
366 160	190	-1e-008
367 110	180	-1e-008
368 154.577	214.404	-1e-008
369 110	180	-1e-008
370 102.094	203.717	-1e-008
371 154.577	214.404	-1e-008
372 200	200	-1e-008
373 160	190	-1e-008
374 187.138	221.437	-1e-008
375 160	190	-1e-008
376 154.577	214.404	-1e-008
377 187.138	221.437	-1e-008
378 210	220	-1e-008
379 200	200	-1e-008
380 189.199	233.868	-1e-008
381 200	200	-1e-008
382 187.138	221.437	-1e-008
383 189.199	233.868	-1e-008
384 220	230	-1e-008
385 210	220	-1e-008
386 198.563	242.862	-1e-008
387 210	220	-1e-008
388 189.199	233.868	-1e-008
389 198.563	242.862	-1e-008
390 240	270	-1e-008
391 220	230	-1e-008
392 222.322	287.678	-1e-008
393 220	230	-1e-008
394 198.563	242.862	-1e-008
395 222.322	287.678	-1e-008
396 280	290	-1e-008
397 240	270	-1e-008
398 262.322	307.678	-1e-008
399 240	270	-1e-008
400 222.322	287.678	-1e-008
401 262.322	307.678	-1e-008
402 290	320	-1e-008
403 280	290	-1e-008
404 265.746	326.063	-1e-008
405 280	290	-1e-008
406 262.322	307.678	-1e-008
407 265.746	326.063	-1e-008
408 300	370	-1e-008
409 290	320	-1e-008
410 276.283	377.906	-1e-008
411 290	320	-1e-008
412 265.746	326.063	-1e-008
413 276.283	377.906	-1e-008
414 310	380	-1e-008
415 300	370	-1e-008
416 302.094	403.717	-1e-008
417 300	370	-1e-008
418 276.283	377.906	-1e-008
419 302.094	403.717	-1e-008
420 360	390	-1e-008
421 310	380	-1e-008
422 354.577	414.404	-1e-008
423 310	380	-1e-008
424 302.094	403.717	-1e-008
425 354.577	414.404	-1e-008
426 400	400	-1e-008
427 360	390	-1e-008
428 387.138	421.437	-1e-008
429 360	390	-1e-008
430 354.577	414.404	-1e-008
431 387.138	421.437	-1e-008
432 410	420	-1e-008
433 400	400	-1e-008
434 389.198	433.868	-1e-008
435 400	400	-1e-008
436 387.138	421.437	-1e-008
437 389.198	433.868	-1e-008
438 420	430	-1e-008
439 410	420	-1e-008
440 398.562	442.863	-1e-008
441 410	420	-1e-008
442 389.198	433.868	-1e-008
443 398.562	442.863	-1e-008
444 440	470	-1e-008
445 420	430	-1e-008
446 422.322	487.678	-1e-008
447 420	430	-1e-008
448 398.562	442.863	-1e-008
449 422.322	487.678	-1e-008
450 480	490	-1e-008
451 440	470	-1e-008
452 462.322	507.678	-1e-008
453 440	470	-1e-008
454 422.322	487.678	-1e-008
455 462.322	507.678	-1e-008
456 490	520	-1e-008
457 480	490	-1e-008
458 465.746	526.063	-1e-008
459 480	490	-1e-008
460 462.322	507.678	-1e-008
461 465.746	526.063	-1e-008
462 500	570	-1e-008
463 490	520	-1e-008
464 476.284	577.906	-1e-008
465 490	520	-1e-008
466 465.746	526.063	-1e-008
467 476.284	577.906	-1e-008
468 510	580	-1e-008
469 500	570	-1e-008
470 502.094	603.717	-1e-008
471 500	570	-1e-008
472 476.284	577.906	-1e-008
473 502.094	603.717	-1e-008
474 560	590	-1e-008
475 510	580	-1e-008
476 554.577	614.404	-1e-008
477 510	580	-1e-008
478 502.094	603.717	-1e-008
479 554.577	614.404	-1e-008
480 600	600	-1e-008
481 560	590	-1e-008
482 587.139	621.435	-1e-008
483 560	590	-1e-008
484 554.577	614.404	-1e-008
485 587.139	621.435	-1e-008
486 610	620	-1e-008
487 600	600	-1e-008
488 589.198	633.868	-1e-008
489 600	600	-1e-008
490 587.139	621.435	-1e-008
491 589.198	633.868	-1e-008
492 620	630	-1e-008
493 610	620	-1e-008
494 598.563	642.862	-1e-008
495 610	620	-1e-008
496 589.198	633.868	-1e-008
497 598.563	642.862	-1e-008
498 640	670	-1e-008
499 620	630	-1e-008
500 622.322	687.678	-1e-008
501 620	630	-1e-008
502 598.563	642.862	-1e-008
503 622.322	687.678	-1e-008
504 680	690	-1e-008
505 640	670	-1e-008
506 662.322	707.678	-1e-008
507 640	670	-1e-008
508 622.322	687.678	-1e-008
509 662.322	707.678	-1e-008
510 690	720	-1e-008
511 680	690	-1e-008
512 665.746	726.063	-1e-008
513 680	690	-1e-008
514 662.322	707.678	-1e-008
515 665.746	726.063	-1e-008
516 700	770	-1e-008
517 690	720	-1e-008
518 676.284	777.905	-1e-008
519 690	720	-1e-008
520 665.746	726.063	-1e-008
521 676.284	777.905	-1e-008
522 710	780	-1e-008
523 700	770	-1e-008
524 702.096	803.713	-1e-008
525 700	770	-1e-008
526 676.284	777.905	-1e-008
527 702.096	803.713	-1e-008
528 760	790	-1e-008
529 710	780	-1e-008
530 754.577	814.404	-1e-008
531 710	780	-1e-008
532 702.096	803.713	-1e-008
533 754.577	814.404	-1e-008
534 800	800	-1e-008
535 760	790	-1e-008
536 787.141	821.432	-1e-008
537 760	790	-1e-008
538 754.577	814.404	-1e-008
539 787.141	821.432	-1e-008
540 810	820	-1e-008
541 800	800	-1e-008
542 789.199	833.867	-1e-008
543 800	800	-1e-008
544 787.141	821.432	-1e-008
545 789.199	833.867	-1e-008
546 820	830	-1e-008
547 810	820	-1e-008
548 798.564	842.861	-1e-008
549 810	820	-1e-008
550 789.199	833.867	-1e-008
551 798.564	842.861	-1e-008
552 840	870	-1e-008
553 820	830	-1e-008
554 822.322	887.678	-1e-008
555 820	830	-1e-008
556 798.564	842.861	-1e-008
557 822.322	887.678	-1e-008
558 880	890	-1e-008
559 840	870	-1e-008
560 862.322	907.678	-1e-008
561 840	870	-1e-008
562 822.322	887.678	-1e-008
563 862.322	907.678	-1e-008
564 890	920	-1e-008
565 880	890	-1e-008
566 865.746	926.063	-1e-008
567 880	890	-1e-008
568 862.322	907.678	-1e-008
569 865.746	926.063	-1e-008
570 900	970	-1e-008
571 890	920	-1e-008
572 876.284	977.905	-1e-008
573 890	920	-1e-008
574 865.746	926.063	-1e-008
575 876.284	977.905	-1e-008
576 910	980	-1e-008
577 900	970	-1e-008
578 902.096	1003.71	-1e-008
579 900	970	-1e-008
580 876.284	977.905	-1e-008
581 902.096	1003.71	-1e-008
582 960	990	-1e-008
583 910	980	-1e-008
584 954.584	1014.37	-1e-008
585 910	980	-1e-008
586 902.096	1003.71	-1e-008
587 954.584	1014.37	-1e-008
588 1000	1000	-1e-008
589 960	990	-1e-008
590 987.138	1021.44	-1e-008
591 960	990	-1e-008
592 954.584	1014.37	-1e-008
593 987.138	1021.44	-1e-008
594 1010	1020	-1e-008
595 1000	1000	-1e-008
596 989.199	1033.87	-1e-008
597 1000	1000	-1e-008
598 987.138	1021.44	-1e-008
599 989.199	1033.87	-1e-008
600 1020	1030	-1e-008
601 1010	1020	-1e-008
602 998.564	1042.86	-1e-008
603 1010	1020	-1e-008
604 989.199	1033.87	-1e-008
605 998.564	1042.86	-1e-008
606 1040	1070	-1e-008
607 1020	1030	-1e-008
608 1022.32	1087.68	-1e-008
609 1020	1030	-1e-008
610 998.564	1042.86	-1e-008
611 1022.32	1087.68	-1e-008
612 1080	1090	-1e-008
613 1040	1070	-1e-008
614 1062.32	1107.68	-1e-008
615 1040	1070	-1e-008
616 1022.32	1087.68	-1e-008
617 1062.32	1107.68	-1e-008
618 1090	1120	-1e-008
619 1080	1090	-1e-008
620 1065.75	1126.06	-1e-008
621 1080	1090	-1e-008
622 1062.32	1107.68	-1e-008
623 1065.75	1126.06	-1e-008
624 1100	1170	-1e-008
625 1090	1120	-1e-008
626 1076.28	1177.91	-1e-008
627 1090	1120	-1e-008
628 1065.75	1126.06	-1e-008
629 1076.28	1177.91	-1e-008
630 1110	1180	-1e-008
631 1100	1170	-1e-008
632 1102.1	1203.71	-1e-008
633 1100	1170	-1e-008
634 1076.28	1177.91	-1e-008
635 1102.1	1203.71	-1e-008
636 1160	1190	-1e-008
637 1110	1180	-1e-008
638 1141.79	1207.13	-1e-008
639 1110	1180	-1e-008
640 1102.1	1203.71	-1e-008
641 1141.79	1207.13	-1e-008
642 -0.00132704	-0.00132704	-1e-008
643 1160	1190	-1e-008
644 -17.9032	17.4492	-1e-008
645 1160	1190	-1e-008
646 1141.79	1207.13	-1e-008
647 -17.9032	17.4492	-1e-008
648 0	0	0
649 0	0	0
650 0	0	0
651 0	0	0
652 0	0	0
653 0	0	0
654 0	0	0
655 0	0	0
656 0	0	0
657 0	0	0
658 0	0	0
659 0	0	0
660 0	0	0
661 0	0	0
662 0	0	0
663 0	0	0
664 0	0	0
665 0	0	0
666 0	0	0
667 0	0	0
668 0	0	0
669 0	0	0
670 0	0	0
671 0	0	0
672 0	0	0
673 0	0	0
674 0	0	0
675 0	0	0
676 0	0	0
677 0	0	0
678 0	0	0
679 0	0	0
680 0	0	0
681 0	0	0
682 0	0	0
683 0	0	0
684 0	0	0
685 0	0	0
686 0	0	0
687 0	0	0
688 0	0	0
689 0	0	0
690 0	0	0
691 0	0	0
692 0	0	0
693 0	0	0
694 0	0	0
695 0	0	0
696 0	0	0
697 0	0	0
698 0	0	0
699 0	0	0
700 0	0	0
701 0	0	0
702 0	0	0
703 0	0	0
704 0	0	0
705 0	0	0
706 0	0	0
707 0	0	0
708 0	0	0
709 0	0	0
710 0	0	0
711 0	0	0
712 0	0	0
713 0	0	0
714 0	0	0
715 0	0	0
716 0	0	0
717 0	0	0
718 0	0	0
719 0	0	0
720 0	0	0
721 0	0	0
722 0	0	0
723 0	0	0
724 0	0	0
725 0	0	0
726 0	0	0
727 0	0	0
728 0	0	0
729 0	0	0
730 0	0	0
731 0	0	0
732 0	0	0
733 0	0	0
734 0	0	0
735 0	0	0
736 0	0	0
737 0	0	0
738 0	0	0
739 0	0	0
740 0	0	0
741 0	0	0
742 0	0	0
743 0	0	0
744 0	0	0
745 0	0	0
746 0	0	0
747 0	0	0
748 0	0	0
749 0	0	0
750 0	0	0
751 0	0	0
752 0	0	0
753 0	0	0
754 0	0	0
755 0	0	0
756 0	0	0
757 0	0	0
758 0	0	0
759 0	0	0
760 0	0	0
761 0	0	0
762 0	0	0
763 0	0	0
764 0	0	0
765 0	0	0
766 0	0	0
767 0	0	0
768 0	0	0
769 0	0	0
770 0	0	0
771 0	0	0
772 0	0	0
773 0	0	0
774 0	0	0
775 0	0	0
776 0	0	0
777 0	0	0
778 0	0	0
779 0	0	0
780 0	0	0
781 0	0	0
782 0	0	0
783 0	0	0
784 0	0	0
785 0	0	0
786 0	0	0
787 0	0	0
788 0	0	0
789 0	0	0
790 0	0	0
791 0	0	0
792 0	0	0
793 0	0	0
794 0	0	0
795 0	0	0
796 0	0	0
797 0	0	0
798 0	0	0
799 0	0	0
800 0	0	0
801 0	0	0
802 0	0	0
803 0	0	0
804 0	0	0
805 0	0	0
806 0	0	0
807 0	0	0
808 0	0	0
809 0	0	0
810 0	0	0
811 0	0	0
812 0	0	0
813 0	0	0
814 0	0	0
815 0	0	0
816 0	0	0
817 0	0	0
818 0	0	0
819 0	0	0
820 0	0	0
821 0	0	0
822 0	0	0
823 0	0	0
824 0	0	0
825 0	0	0
826 0	0	0
827 0	0	0
828 0	0	0
829 0	0	0
830 0	0	0
831 0	0	0
832 0	0	0
833 0	0	0
834 0	0	0
835 0	0	0
836 0	0	0
837 0	0	0
838 0	0	0
839 0	0	0
840 0	0	0
841 0	0	0
842 0	0	0
843 0	0	0
844 0	0	0
845 0	0	0
846 0	0	0
847 0	0	0
848 0	0	0
849 0	0	0
850 0	0	0
851 0	0	0
852 0	0	0
853 0	0	0
854 0	0	0
855 0	0	0
856 0	0	0
857 0	0	0
858 0	0	0
859 0	0	0
860 0	0	0
861 0	0	0
862 0	0	0
863 0	0	0
864 0	0	0
865 0	0	0
866 0	0	0
867 0	0	0
868 0	0	0
869 0	0	0
870 0	0	0
871 0	0	0
872 0	0	0
873 0	0	0
874 0	0	0
875 0	0	0
876 0	0	0
877 0	0	0
878 0	0	0
879 0	0	0
880 0	0	0
881 0	0	0
882 0	0	0
883 0	0	0
884 0	0	0
885 0	0	0
886 0	0	0
887 0	0	0
888 0	0	0
889 0	0	0
890 0	0	0
891 0	0	0
892 0	0	0
893 0	0	0
894 0	0	0
895 0	0	0
896 0	0	0
897 0	0	0
898 0	0	0
899 0	0	0
900 0	0	0
901 0	0	0
902 0	0	0
903 0	0	0
904 0	0	0
905 0	0	0
906 0	0	0
907 0	0	0
908 0	0	0
909 0	0	0
910 0	0	0
911 0	0	0
912 0	0	0
913 0	0	0
914 0	0	0
915 0	0	0
916 0	0	0
917 0	0	0
918 0	0	0
919 0	0	0
920 0	0	0
921 0	0	0
922 0	0	0
923 0	0	0
924 0	0	0
925 0	0	0
926 0	0	0
927 0	0	0
928 0	0	0
929 0	0	0
930 0	0	0
931 0	0	0
932 0	0	0
933 0	0	0
934 0	0	0
935 0	0	0
936 0	0	0
937 0	0	0
938 0	0	0
939 0	0	0
940 0	0	0
941 0	0	0
942 0	0	0
943 0	0	0
944 0	0	0
945 0	0	0
946 0	0	0
947 0	0	0
948 0	0	0
949 0	0	0
950 0	0	0
951 0	0	0
952 0	0	0
953 0	0	0
954 0	0	0
955 0	0	0
956 0	0	0
957 0	0	0
958 0	0	0
959 0	0	0
960 0	0	0
961 0	0	0
962 0	0	0
963 0	0	0
964 0	0	0
965 0	0	0
966 0	0	0
967 0	0	0
968 0	0	0
969 0	0	0
970 0	0	0
971 0	0	0
972 0	0	0
973 0	0	0
974 0	0	0
975 0	0	0
976 0	0	0
977 0	0	0
978 0	0	0
979 0	0	0
980 0	0	0
981 0	0	0
982 0	0	0
983 0	0	0
984 0	0	0
985 0	0	0
986 0	0	0
987 0	0	0
988 0	0	0
989 0	0	0
990 0	0	0
991 0	0	0
992 0	0	0
993 0	0	0
994 0	0	0
995 0	0	0
996 0	0	0
997 0	0	0
998 0	0	0
999 0	0	0
1000 0	0	0
1001 0	0	0
1002 0	0	0
1003 0	0	0
1004 0	0	0
1005 0	0	0
1006 0	0	0
1007 0	0	0
1008 0	0	0
1009 0	0	0
1010 0	0	0
1011 0	0	0
1012 0	0	0
1013 0	0	0
1014 0	0	0
1015 0	0	0
1016 0	0	0
1017 0	0	0
1018 0	0	0
1019 0	0	0
1020 0	0	0
1021 0	0	0
1022 0	0	0
1023 0	0	0
1024 0	0	0
1025 0	0	0
1026 0	0	0
1027 0	0	0
1028 0	0	0
1029 0	0	0
1030 0	0	0
1031 0	0	0
1032 0	0	0
1033 0	0	0
1034 0	0	0
1035 0	0	0
1036 0	0	0
1037 0	0	0
1038 0	0	0
1039 0	0	0
1040 0	0	0
1041 0	0	0
1042 0	0	0
1043 0	0	0
1044 0	0	0
1045 0	0	0
1046 0	0	0
1047 0	0	0
1048 0	0	0
1049 0	0	0
1050 0	0	0
1051 0	0	0
1052 0	0	0
1053 0	0	0
1054 0	0	0
1055 0	0	0
1056 0	0	0
1057 0	0	0
1058 0	0	0
1059 0	0	0
1060 0	0	0
1061 0	0	0
1062 0	0	0
1063 0	0	0
1064 0	0	0
1065 0	0	0
1066 0	0	0
1067 0	0	0
1068 0	0	0
1069 0	0	0
1070 0	0	0
1071 0	0	0
1072 0	0	0
1073 0	0	0
1074 0	0	0
1075 0	0	0
1076 0	0	0
1077 0	0	0
1078 0	0	0
1079 0	0	0
1080 0	0	0
1081 0	0	0
1082 0	0	0
1083 0	0	0
1084 0	0	0
1085 0	0	0
1086 0	0	0
1087 0	0	0
1088 0	0	0
1089 0	0	0
1090 0	0	0
1091 0	0	0
1092 0	0	0
1093 0	0	0
1094 0	0	0
1095 0	0	0
1096 0	0	0
1097 0	0	0
1098 0	0	0
1099 0	0	0
1100 0	0	0
1101 0	0	0
1102 0	0	0
1103 0	0	0
1104 0	0	0
1105 0	0	0
1106 0	0	0
1107 0	0	0
1108 0	0	0
1109 0	0	0
1110 0	0	0
1111 0	0	0
1112 0	0	0
1113 0	0	0
1114 0	0	0
1115 0	0	0
1116 0	0	0
1117 0	0	0
1118 0	0	0
1119 0	0	0
1120 0	0	0
1121 0	0	0
1122 0	0	0
1123 0	0	0
1124 0	0	0
1125 0	0	0
1126 0	0	0
1127 0	0	0
1128 0	0	0
1129 0	0	0
1130 0	0	0
1131 0	0	0
1132 0	0	0
1133 0	0	0
1134 0	0	0
1135 0	0	0
1136 0	0	0
1137 0	0	0
1138 0	0	0
1139 0	0	0
1140 0	0	0
1141 0	0	0
1142 0	0	0
1143 0	0	0
1144 0	0	0
1145 0	0	0
1146 0	0	0
1147 0	0	0
1148 0	0	0
1149 0	0	0
1150 0	0	0
1151 0	0	0
1152 0	0	0
1153 0	0	0
1154 0	0	0
1155 0	0	0
1156 0	0	0
1157 0	0	0
1158 0	0	0
1159 0	0	0
1160 0	0	0
1161 0	0	0
1162 0	0	0
1163 0	0	0
1164 0	0	0
1165 0	0	0
1166 0	0	0
1167 0	0	0
1168 0	0	0
1169 0	0	0
1170 0	0	0
1171 0	0	0
1172 0	0	0
1173 0	0	0
1174 0	0	0
1175 0	0	0
1176 0	0	0
1177 0	0	0
1178 0	0	0
1179 0	0	0
1180 0	0	0
1181 0	0	0
1182 0	0	0
1183 0	0	0
1184 0	0	0
1185 0	0	0
1186 0	0	0
1187 0	0	0
1188 0	0	0
1189 0	0	0
1190 0	0	0
1191 0	0	0
1192 0	0	0
1193 0	0	0
1194 0	0	0
1195 0	0	0
1196 0	0	0
1197 0	0	0
1198 0	0	0
1199 0	0	0
1200 0	0	0
1201 0	0	0
1202 0	0	0
1203 0	0	0
1204 0	0	0
1205 0	0	0
1206 0	0	0
1207 0	0	0
1208 0	0	0
1209 0	0	0
1210 0	0	0
1211 0	0	0
1212 0	0	0
1213 0	0	0
1214 0	0	0
1215 0	0	0
1216 0	0	0
1217 0	0	0
1218 0	0	0
1219 0	0	0
1220 0	0	0
1221 0	0	0
1222 0	0	0
1223 0	0	0
1224 0	0	0
1225 0	0	0
1226 0	0	0
1227 0	0	0
1228 0	0	0
1229 0	0	0
1230 0	0	0
1231 0	0	0
1232 0	0	0
1233 0	0	0
1234 0	0	0
1235 0	0	0
1236 0	0	0
1237 0	0	0
1238 0	0	0
1239 0	0	0
1240 0	0	0
1241 0	0	0
1242 0	0	0
1243 0	0	0
1244 0	0	0
1245 0	0	0
1246 0	0	0
1247 0	0	0
1248 0	0	0
1249 0	0	0
1250 0	0	0
1251 0	0	0
1252 0	0	0
1253 0	0	0
1254 0	0	0
1255 0	0	0
1256 0	0	0
1257 0	0	0
1258 0	0	0
1259 0	0	0
1260 0	0	0
1261 0	0	0
1262 0	0	0
1263 0	0	0
1264 0	0	0
1265 0	0	0
1266 0	0	0
1267 0	0	0
1268 0	0	0
1269 0	0	0
1270 0	0	0
1271 0	0	0
1272 0	0	0
1273 0	0	0
1274 0	0	0
1275 0	0	0
1276 0	0	0
1277 0	0	0
1278 0	0	0
1279 0	0	0
1280 0	0	0
1281 0	0	0
1282 0	0	0
1283 0	0	0
1284 0	0	0
1285 0	0	0
1286 0	0	0
1287 0	0	0
1288 0	0	0
1289 0	0	0
1290 0	0	0
1291 0	0	0
1292 0	0	0
1293 0	0	0
1294 0	0	0
1295 0	0	0
